1 4 2 3 2
2 2 2 2 2
3 3 2 1 2
4 1 1 1 1
5 2 2 3 2
6 1 1 1 1
7 1 2 1 2
8 4 3 3 3
9 1 2 1 2
10 2 2 1 2
11 10 7 6 8
12 4 4 5 4
13 1 1 1 1
14 3 2 4 2
15 2 1 2 1
16 4 5 5 5
17 6 2 5 2
18 1 1 1 1
19 11 5 11 6
20 6 5 6 5
21 4 3 7 3
22 19 22 24 15
23 2 1 1 1
24 5 1 4 1
25 1 1 2 1
26 1 1 1 1
27 3 1 2 1
28 2 1 2 1
29 2 1 1 1
30 2 1 1 1
31 3 1 3 1
32 5 1 1 1
33 5 1 1 1
34 1 1 1 1
35 2 2 2 2
36 1 1 1 1
37 4 2 2 2
38 1 1 1 1
39 1 1 1 1
40 1 1 1 1
41 1 1 1 1
42 1 1 2 1
43 1 1 1 1
44 2 1 3 1
45 1 1 1 1
46 1 1 1 1
47 1 1 1 1
48 3 1 3 1
49 1 1 1 1
50 1 1 1 1
51 1 1 1 1
52 2 1 1 1
53 1 1 1 1
54 1 1 1 1
55 3 1 1 1
56 2 1 2 1
57 1 1 1 1
58 1 1 1 1
59 1 1 1 1
60 2 1 3 1
61 1 1 1 1
62 1 1 1 1
63 2 1 3 1
64 1 1 1 1
65 1 1 1 1
66 2 1 3 1
67 14 12
68 32 38
69 63 68
70 130 127
71 63 396
72 130 773
73 7 24 13 19
74 18 25 12 15
75 16 21 8 26
76 11 18 13 17
77 24 17 10 20
78 10 13 9 14
79 16 16 9 7
80 11 11 17 20
81 15 18 15 23
82 16 33 17 21
83 1 1 1 1
84 3 1 4 1
85 1 1 1 1
86 1 1 1 1
87 1 1 1 1
88 1 1 1 1
89 1 1 1 1
90 1 1 3 1
91 1 1 1 1
92 1 1 1 1
93 2 1 8 1
