1 1632 64 691 284
2 1605 64 761 285
3 1643 65 593 287
4 1532 35 558 147
5 1618 64 865 276
6 1549 35 626 150
7 1547 63 691 268
8 1664 77 581 298
9 1558 65 546 279
10 1609 63 525 277
11 1796 114 781 399
12 324403 319 68747 65745
13 73096 104 19402 7693
14 162234 199 36198 29677
15 73409 102 19022 7806
16 322874 412 67101 67109
17 162115 205 36351 29359
18 72221 103 18271 7692
19 287126 368 75678 67914
20 314575 336 73414 69171
21 241772 269 51644 50253
22 610250 599 144572 123098
23 7723 50 586 373
24 7918 38 613 337
25 7440 34 600 336
26 7405 44 576 333
27 7700 43 622 337
28 7640 53 603 338
29 7706 35 577 347
30 7683 38 594 338
31 7689 35 608 333
32 7949 34 586 505
33 8111 34 583 338
34 13446 74 1783 797
35 13554 152 1868 1677
36 13501 75 1787 781
37 13824 148 1857 1673
38 13439 73 1800 794
39 13559 77 1770 790
40 13495 78 1786 773
41 13359 83 1782 799
42 13386 74 1875 811
43 13443 77 1796 800
44 14153 73 1883 816
45 3414 36 328 171
46 3405 36 330 169
47 3389 36 329 171
48 3567 36 342 169
49 3483 36 338 167
50 3422 35 342 168
51 3408 36 387 168
52 3533 36 340 168
53 3425 37 329 169
54 3402 38 332 169
55 3660 35 335 198
56 6619 29 526 106
57 6358 38 504 106
58 6092 27 475 112
59 6152 31 344 104
60 6833 27 472 104
61 6288 28 540 104
62 6651 27 345 105
63 6861 40 482 105
64 6245 28 378 112
65 6068 27 429 106
66 6604 26 596 107
67 33905 611
68 180576 1955
69 698844 5697
70 1980414 13490
71 1358493 76604
72 3390891 235839
73 56668 1142 16933 36716
74 62718 1134 26947 30053
75 60693 1080 16999 46204
76 59251 949 15799 34562
77 64841 941 17982 37523
78 60971 830 16598 28739
79 65125 1027 19484 18632
80 57647 806 17145 37178
81 61480 1086 20920 42896
82 66362 1385 16830 39566
83 3077 29 229 106
84 3193 29 240 106
85 3050 29 231 112
86 3027 30 227 107
87 3065 30 234 156
88 3048 30 231 144
89 3020 30 227 106
90 3041 29 236 106
91 3036 29 229 107
92 3043 30 224 105
93 3188 29 246 112
