1 77 0 7 1
2 50 0 5 1
3 62 1 4 1
4 34 0 4 1
5 43 0 6 0
6 37 0 4 0
7 38 0 3 1
8 64 1 6 0
9 37 0 4 1
10 54 0 3 1
11 190 1 51 5
12 6824 6 2296 1734
13 1478 0 486 35
14 3467 1 1266 600
15 1687 0 590 39
16 6578 6 2123 1761
17 4106 2 1218 598
18 1540 0 469 35
19 7818 7 2498 1794
20 6791 7 2745 1754
21 5081 5 1698 1282
22 19758 14 12317 3248
23 224 1 11 1
24 327 0 14 1
25 173 0 12 0
26 171 0 10 1
27 213 0 23 1
28 190 0 12 1
29 230 1 10 1
30 200 0 11 1
31 213 0 13 1
32 290 0 10 2
33 516 0 10 1
34 370 1 62 4
35 387 0 67 6
36 371 1 62 4
37 485 0 68 11
38 369 0 63 4
39 367 0 63 4
40 363 1 63 4
41 365 0 63 4
42 368 0 74 4
43 363 0 62 4
44 935 0 81 4
45 94 0 3 1
46 94 0 3 0
47 94 0 3 1
48 114 0 4 1
49 94 0 4 0
50 94 0 3 0
51 94 0 5 1
52 104 0 3 0
53 95 1 3 0
54 94 0 3 1
55 269 0 3 1
56 146 0 2 0
57 114 0 5 1
58 113 0 2 0
59 121 0 2 0
60 194 0 15 0
61 114 0 2 0
62 119 0 2 1
63 136 0 5 0
64 119 1 3 0
65 110 0 2 0
66 150 0 4 0
67 2427 11
68 15870 131
69 61442 607
70 215441 1828
71 103870 9676
72 265028 28146
73 6709 118 3414 830
74 12399 145 13249 739
75 10977 145 3370 1080
76 8497 64 2129 685
77 14651 85 4337 858
78 10480 47 2889 538
79 14448 118 5772 408
80 7405 80 3397 867
81 11749 135 7347 1095
82 15905 193 3021 1019
83 78 0 2 0
84 97 0 4 0
85 80 0 2 0
86 77 0 1 0
87 78 0 1 0
88 78 0 2 0
89 77 0 2 0
90 77 0 2 0
91 78 0 2 0
92 77 0 2 0
93 115 0 3 0
