1 921 55 339 126
2 915 56 172 120
3 917 54 213 128
4 941 77 248 257
5 929 56 128 122
6 942 71 352 242
7 953 54 368 120
8 910 48 338 128
9 943 56 358 126
10 930 55 319 132
11 883 39 352 85
12 81698 214 15258 31038
13 80938 228 18213 28773
14 80797 195 15337 29581
15 84298 216 16706 29321
16 79962 200 15206 33006
17 80033 199 14473 28594
18 88004 221 17530 27893
19 66972 181 17147 30353
20 79876 196 16173 31960
21 82685 189 16894 29015
22 84395 95 21713 28231
23 7883 90 312 552
24 7827 70 248 494
25 8080 71 267 492
26 8107 73 270 485
27 7927 70 255 494
28 7895 79 250 481
29 7861 69 262 479
30 7879 72 298 495
31 7861 72 256 468
32 7905 72 279 557
33 7839 70 273 483
34 12380 146 1167 1918
35 12389 100 1105 1901
36 12438 150 1179 1774
37 12430 100 1104 1309
38 12488 150 1170 1798
39 14234 145 1148 1869
40 12484 151 1171 1959
41 12558 144 1140 1820
42 12516 151 1096 1887
43 12599 151 1176 1836
44 13709 150 1094 1912
45 3004 71 130 295
46 3042 69 130 296
47 3021 69 128 288
48 2962 70 126 283
49 3012 70 130 286
50 3021 69 130 314
51 3014 70 156 282
52 2949 68 132 288
53 2999 70 130 269
54 3011 70 131 314
55 2956 70 133 353
56 6093 43 196 195
57 6148 71 248 195
58 5909 44 228 209
59 6441 44 221 193
60 6350 45 187 194
61 6252 44 138 197
62 6416 44 118 191
63 6171 63 113 196
64 6242 44 187 198
65 5914 44 242 196
66 6151 43 182 198
67 14152 80
68 21605 224
69 26416 592
70 38894 1268
71 45362 7185
72 61898 22575
73 47258 221 12515 13781
74 46587 206 10881 15472
75 46204 298 10943 14509
76 46840 185 12516 15406
77 46199 189 12430 18578
78 46760 186 10773 16083
79 46494 183 10882 14429
80 46414 185 12508 15830
81 53561 179 12072 14757
82 46214 208 12331 14696
83 2647 48 85 202
84 2530 48 73 214
85 2615 48 85 206
86 2621 48 85 203
87 2656 51 87 319
88 2632 48 87 329
89 2630 49 87 199
90 2634 55 73 205
91 2670 49 86 207
92 2649 50 88 209
93 2537 47 71 224
