1 984 56 349 128
2 978 56 181 122
3 964 55 225 130
4 941 77 248 257
5 991 56 132 124
6 981 71 357 244
7 1010 54 374 122
8 975 49 360 130
9 999 56 366 128
10 984 55 324 134
11 1169 41 403 88
12 83713 217 16167 31587
13 82593 230 19106 29328
14 82775 197 16060 30137
15 86001 218 17312 29876
16 82021 202 16021 33545
17 82191 201 15246 29162
18 89629 223 18066 28457
19 69507 184 18386 30907
20 82768 198 17302 32526
21 84701 192 17752 29564
22 100196 101 39312 28793
23 8094 91 329 561
24 8162 71 291 504
25 8386 71 297 503
26 8346 73 285 496
27 8263 70 287 503
28 8121 79 273 492
29 8150 70 282 489
30 8186 72 328 505
31 8111 72 275 479
32 8714 72 452 567
33 8928 71 480 492
34 12965 147 1288 1968
35 12781 101 1169 1978
36 12438 150 1179 1774
37 12887 100 1198 1359
38 12488 150 1170 1798
39 14662 146 1219 1916
40 12484 151 1171 1959
41 12939 144 1206 1820
42 12958 151 1169 1887
43 12599 151 1176 1836
44 20313 151 2219 1961
45 3109 71 134 297
46 3142 69 134 296
47 3132 69 133 291
48 3086 70 130 286
49 3111 70 133 286
50 3120 69 132 314
51 3117 70 159 282
52 3052 69 138 291
53 3116 70 136 273
54 3118 70 135 318
55 3171 70 155 356
56 6247 44 199 195
57 6289 71 252 195
58 6065 44 243 210
59 6441 44 222 193
60 6580 45 192 196
61 6252 44 138 197
62 6416 44 118 191
63 6784 63 119 198
64 6561 44 191 199
65 6037 44 244 196
66 7261 43 203 200
67 15158 89
68 27810 252
69 38055 687
70 69563 1550
71 74139 9198
72 124785 29594
73 58415 278 15325 14415
74 64847 295 16679 16171
75 57752 384 15275 15302
76 57172 244 16255 16191
77 51166 251 22014 19322
78 53300 263 12921 16790
79 60879 254 13589 15190
80 51475 254 15493 16556
81 67595 267 18512 15519
82 50955 304 14859 15627
83 2729 48 88 202
84 2685 48 78 215
85 2615 48 85 206
86 2700 48 86 204
87 2736 51 89 319
88 2720 49 90 332
89 2630 49 87 199
90 2722 55 76 207
91 2830 49 90 210
92 2732 50 89 209
93 2732 48 76 227
