1 2616 120 1040 412
2 2583 120 942 407
3 2607 120 818 417
4 2473 112 806 404
5 2609 120 997 400
6 2530 106 983 394
7 2557 117 1065 390
8 2639 126 941 428
9 2557 121 912 407
10 2593 118 849 411
11 2965 155 1184 487
12 408116 536 84914 97332
13 155689 334 38508 37021
14 245009 396 52258 59814
15 159410 320 36334 37682
16 404895 614 83122 100654
17 244306 406 51597 58521
18 161850 326 36337 36149
19 356633 552 94064 98821
20 397343 534 90716 101697
21 326473 461 69396 79817
22 710446 700 183884 151891
23 15817 141 915 934
24 16080 109 904 841
25 15826 105 897 839
26 15751 117 861 829
27 15963 113 909 840
28 15761 132 876 830
29 15856 105 859 836
30 15869 110 922 843
31 15800 107 883 812
32 16663 106 1038 1072
33 17039 105 1063 830
34 26411 221 3071 2765
35 26335 253 3037 3655
36 25939 225 2966 2555
37 26711 248 3055 3032
38 25927 223 2970 2592
39 28221 223 2989 2706
40 25979 229 2957 2732
41 26298 227 2988 2619
42 26344 225 3044 2698
43 26042 228 2972 2636
44 34466 224 4102 2777
45 6523 107 462 468
46 6547 105 464 465
47 6521 105 462 462
48 6653 106 472 455
49 6594 106 471 453
50 6542 104 474 482
51 6525 106 546 450
52 6585 105 478 459
53 6541 107 465 442
54 6520 108 467 487
55 6831 105 490 554
56 12866 73 725 301
57 12647 109 756 301
58 12157 71 718 322
59 12593 75 566 297
60 13413 72 664 300
61 12540 72 678 301
62 13067 71 463 296
63 13645 103 601 303
64 12806 72 569 311
65 12105 71 673 302
66 13865 69 799 307
67 33905 611 67 15158
68 180576 1955 68 27810
69 698844 5697 69 38055
70 1980414 13490 70 69563
71 1358493 76604 71 74139
72 3390891 235839 72 124785
73 115083 1420 32258 51131
74 127565 1429 43626 46224
75 118445 1464 32274 61506
76 116423 1193 32054 50753
77 116007 1192 39996 56845
78 114271 1093 29519 45529
79 126004 1281 33073 33822
80 109122 1060 32638 53734
81 129075 1353 39432 58415
82 117317 1689 31689 55193
83 5806 77 317 308
84 5878 77 318 321
85 5665 77 316 318
86 5727 78 313 311
87 5801 81 323 475
88 5768 79 321 476
89 5650 79 314 305
90 5763 84 312 313
91 5866 78 319 317
92 5775 80 313 314
93 5920 77 322 339
