1 63 1 10 2
2 63 0 9 2
3 47 1 12 2
4 0 0 0 0
5 62 0 4 2
6 39 0 5 2
7 57 0 6 2
8 65 1 22 2
9 56 0 8 2
10 54 0 5 2
11 286 2 51 3
12 2015 3 909 549
13 1655 2 893 555
14 1978 2 723 556
15 1703 2 606 555
16 2059 2 815 539
17 2158 2 773 568
18 1625 2 536 564
19 2535 3 1239 554
20 2892 2 1129 566
21 2016 3 858 549
22 15801 6 17599 562
23 211 1 17 9
24 335 1 43 10
25 306 0 30 11
26 239 0 15 11
27 336 0 32 9
28 226 0 23 11
29 289 1 20 10
30 307 0 30 10
31 250 0 19 11
32 809 0 173 10
33 1089 1 207 9
34 585 1 121 50
35 392 1 64 77
36 0 0 0 0
37 457 0 94 50
38 0 0 0 0
39 428 1 71 47
40 0 0 0 0
41 381 0 66 0
42 442 0 73 0
43 0 0 0 0
44 6604 1 1125 49
45 105 0 4 2
46 100 0 4 0
47 111 0 5 3
48 124 0 4 3
49 99 0 3 0
50 99 0 2 0
51 103 0 3 0
52 103 1 6 3
53 117 0 6 4
54 107 0 4 4
55 215 0 22 3
56 154 1 3 0
57 141 0 4 0
58 156 0 15 1
59 0 0 1 0
60 230 0 5 2
61 0 0 0 0
62 0 0 0 0
63 613 0 6 2
64 319 0 4 1
65 123 0 2 0
66 1110 0 21 2
67 1006 9
68 6205 28
69 11639 95
70 30669 282
71 28777 2013
72 62887 7019
73 11157 57 2810 634
74 18260 89 5798 699
75 11548 86 4332 793
76 10332 59 3739 785
77 4967 62 9584 744
78 6540 77 2148 707
79 14385 71 2707 761
80 5061 69 2985 726
81 14034 88 6440 762
82 4741 96 2528 931
83 82 0 3 0
84 155 0 5 1
85 0 0 0 0
86 79 0 1 1
87 80 0 2 0
88 88 1 3 3
89 0 0 0 0
90 88 0 3 2
91 160 0 4 3
92 83 0 1 0
93 195 1 5 3
