1 1555 64 684 283
2 1555 64 756 284
3 1581 64 589 286
4 1498 35 554 146
5 1575 64 859 276
6 1512 35 622 150
7 1509 63 688 267
8 1600 76 575 298
9 1521 65 542 278
10 1555 63 522 276
11 1606 113 730 394
12 317579 313 66451 64011
13 71618 104 18916 7658
14 158767 198 34932 29077
15 71722 102 18432 7767
16 316296 406 64978 65348
17 158009 203 35133 28761
18 70681 103 17802 7657
19 279308 361 73180 66120
20 307784 329 70669 67417
21 236691 264 49946 48971
22 590492 585 132255 119850
23 7499 49 575 372
24 7591 38 599 336
25 7267 34 588 336
26 7234 44 566 332
27 7487 43 599 336
28 7450 53 591 337
29 7476 34 567 346
30 7483 38 583 337
31 7476 35 595 332
32 7659 34 576 503
33 7595 34 573 337
34 13076 73 1721 793
35 13167 152 1801 1671
36 13130 74 1725 777
37 13339 148 1789 1662
38 13070 73 1737 790
39 13192 77 1707 786
40 13132 77 1723 769
41 12994 83 1719 795
42 13018 74 1801 807
43 13080 77 1734 796
44 13218 73 1802 812
45 3320 36 325 170
46 3311 36 327 169
47 3295 36 326 170
48 3453 36 338 168
49 3389 36 334 167
50 3328 35 339 168
51 3314 36 382 167
52 3429 36 337 168
53 3330 36 326 169
54 3308 38 329 168
55 3391 35 332 197
56 6473 29 524 106
57 6244 38 499 105
58 5979 27 473 112
59 6031 31 342 104
60 6639 27 457 104
61 6174 28 538 104
62 6532 27 343 104
63 6725 40 477 105
64 6126 27 375 112
65 5958 27 427 106
66 6454 26 592 107
67 31478 600
68 164706 1824
69 637402 5090
70 1764973 11662
71 1254623 66928
72 3125863 207693
73 49959 1024 13519 35886
74 50319 989 13698 29314
75 49716 935 13629 45124
76 50754 885 13670 33877
77 50190 856 13645 36665
78 50491 783 13709 28201
79 50677 909 13712 18224
80 50242 726 13748 36311
81 49731 951 13573 41801
82 50457 1192 13809 38547
83 2999 29 227 106
84 3096 29 236 106
85 2970 29 229 112
86 2950 30 226 107
87 2987 30 233 156
88 2970 30 229 144
89 2943 30 225 106
90 2964 29 234 106
91 2958 29 227 107
92 2966 30 222 105
93 3073 29 243 112
