1 2 2 2 2
2 2 2 2 2
3 2 2 2 2
4 2 2 2 2
5 2 2 2 2
6 2 2 2 2
7 2 2 2 2
8 2 2 2 2
9 2 2 2 2
10 2 2 2 2
11 2 2 2 2
12 5 5 5 5
13 2 2 2 2
14 3 3 3 3
15 2 2 2 2
16 5 5 5 5
17 3 3 3 3
18 2 2 2 2
19 5 5 5 5
20 5 5 5 5
21 4 4 4 4
22 7 7 7 7
23 2 2 2 2
24 2 2 2 2
25 2 2 2 2
26 2 2 2 2
27 2 2 2 2
28 2 2 2 2
29 2 2 2 2
30 2 2 2 2
31 2 2 2 2
32 2 2 2 2
33 2 2 2 2
34 2 2 2 2
35 2 2 2 2
36 2 2 2 2
37 2 2 2 2
38 2 2 2 2
39 2 2 2 2
40 2 2 2 2
41 2 2 2 2
42 2 2 2 2
43 2 2 2 2
44 2 2 2 2
45 2 2 2 2
46 2 2 2 2
47 2 2 2 2
48 2 2 2 2
49 2 2 2 2
50 2 2 2 2
51 2 2 2 2
52 2 2 2 2
53 2 2 2 2
54 2 2 2 2
55 2 2 2 2
56 2 2 2 2
57 2 2 2 2
58 2 2 2 2
59 2 2 2 2
60 2 2 2 2
61 2 2 2 2
62 2 2 2 2
63 2 2 2 2
64 2 2 2 2
65 2 2 2 2
66 2 2 2 2
67 3 3
68 9 9
69 25 25
70 49 49
71 29 168
72 57 335
73 2 2 2 2
74 2 2 2 2
75 2 2 2 2
76 2 2 2 2
77 2 2 2 2
78 2 2 2 2
79 2 2 2 2
80 2 2 2 2
81 2 2 2 2
82 2 2 2 2
83 2 2 2 2
84 2 2 2 2
85 2 2 2 2
86 2 2 2 2
87 2 2 2 2
88 2 2 2 2
89 2 2 2 2
90 2 2 2 2
91 2 2 2 2
92 2 2 2 2
93 2 2 2 2
